*********************************************************************************************************************************************************************************************
***************** PROGRAM: StormFlash2d                                                                 *************************************************************************************
***************** VERSION: 01.00.00                                                                     *************************************************************************************
***************** Diagnostic output                                                                     *************************************************************************************
***************** Refinement level       4     4                                                        *************************************************************************************
*********************************************************************************************************************************************************************************************
timestep modeltime      cpu time       cfl            elements edges    nodes    min.edge len.  max.edge len.  relative mass        L2 err h       L1 err h       Linf err h     L2 err hu      L1 err hu      Linf err hu    
       0  0.0000000E+00  0.0000000E+00  0.0000000E+00       80      132       53  0.2071068E+00  0.2071068E+00                  NaN            NaN            NaN            NaN            NaN            NaN            NaN 
      10  0.1000000E+00  0.0000000E+00  0.0000000E+00       80      132       53  0.2071068E+00  0.2071068E+00                  NaN            NaN            NaN            NaN            NaN            NaN            NaN 
      20  0.2000000E+00  0.6250000E-01  0.0000000E+00       80      132       53  0.2071068E+00  0.2071068E+00                  NaN            NaN            NaN            NaN            NaN            NaN            NaN 
      30  0.3000000E+00  0.6250000E-01  0.0000000E+00       80      132       53  0.2071068E+00  0.2071068E+00                  NaN            NaN            NaN            NaN            NaN            NaN            NaN 
      40  0.4000000E+00  0.6250000E-01  0.0000000E+00       80      132       53  0.2071068E+00  0.2071068E+00                  NaN            NaN            NaN            NaN            NaN            NaN            NaN 
      50  0.5000000E+00  0.6250000E-01  0.0000000E+00       80      132       53  0.2071068E+00  0.2071068E+00                  NaN            NaN            NaN            NaN            NaN            NaN            NaN 
      60  0.6000000E+00  0.6250000E-01  0.0000000E+00       80      132       53  0.2071068E+00  0.2071068E+00                  NaN            NaN            NaN            NaN            NaN            NaN            NaN 
      70  0.7000000E+00  0.1250000E+00  0.0000000E+00       80      132       53  0.2071068E+00  0.2071068E+00                  NaN            NaN            NaN            NaN            NaN            NaN            NaN 
      80  0.8000000E+00  0.1250000E+00  0.0000000E+00       80      132       53  0.2071068E+00  0.2071068E+00                  NaN            NaN            NaN            NaN            NaN            NaN            NaN 
      90  0.9000000E+00  0.1250000E+00  0.0000000E+00       80      132       53  0.2071068E+00  0.2071068E+00                  NaN            NaN            NaN            NaN            NaN            NaN            NaN 
     100  0.1000000E+01  0.1250000E+00  0.0000000E+00       80      132       53  0.2071068E+00  0.2071068E+00                  NaN            NaN            NaN            NaN            NaN            NaN            NaN 
     110  0.1100000E+01  0.1250000E+00  0.0000000E+00       80      132       53  0.2071068E+00  0.2071068E+00                  NaN            NaN            NaN            NaN            NaN            NaN            NaN 
     120  0.1200000E+01  0.1875000E+00  0.0000000E+00       80      132       53  0.2071068E+00  0.2071068E+00                  NaN            NaN            NaN            NaN            NaN            NaN            NaN 
     130  0.1300000E+01  0.1875000E+00  0.0000000E+00       80      132       53  0.2071068E+00  0.2071068E+00                  NaN            NaN            NaN            NaN            NaN            NaN            NaN 
     140  0.1400000E+01  0.1875000E+00  0.0000000E+00       80      132       53  0.2071068E+00  0.2071068E+00                  NaN            NaN            NaN            NaN            NaN            NaN            NaN 
     150  0.1500000E+01  0.1875000E+00  0.0000000E+00       80      132       53  0.2071068E+00  0.2071068E+00                  NaN            NaN            NaN            NaN            NaN            NaN            NaN 
     160  0.1600000E+01  0.1875000E+00  0.0000000E+00       80      132       53  0.2071068E+00  0.2071068E+00                  NaN            NaN            NaN            NaN            NaN            NaN            NaN 
     170  0.1700000E+01  0.2500000E+00  0.0000000E+00       80      132       53  0.2071068E+00  0.2071068E+00                  NaN            NaN            NaN            NaN            NaN            NaN            NaN 
     180  0.1800000E+01  0.2500000E+00  0.0000000E+00       80      132       53  0.2071068E+00  0.2071068E+00                  NaN            NaN            NaN            NaN            NaN            NaN            NaN 
     190  0.1900000E+01  0.2500000E+00  0.0000000E+00       80      132       53  0.2071068E+00  0.2071068E+00                  NaN            NaN            NaN            NaN            NaN            NaN            NaN 
     200  0.2000000E+01  0.2500000E+00  0.0000000E+00       80      132       53  0.2071068E+00  0.2071068E+00                  NaN            NaN            NaN            NaN            NaN            NaN            NaN 
     210  0.2100000E+01  0.2500000E+00  0.0000000E+00       80      132       53  0.2071068E+00  0.2071068E+00                  NaN            NaN            NaN            NaN            NaN            NaN            NaN 
     220  0.2200000E+01  0.2500000E+00  0.0000000E+00       80      132       53  0.2071068E+00  0.2071068E+00                  NaN            NaN            NaN            NaN            NaN            NaN            NaN 
     230  0.2300000E+01  0.3125000E+00  0.0000000E+00       80      132       53  0.2071068E+00  0.2071068E+00                  NaN            NaN            NaN            NaN            NaN            NaN            NaN 
     240  0.2400000E+01  0.3125000E+00  0.0000000E+00       80      132       53  0.2071068E+00  0.2071068E+00                  NaN            NaN            NaN            NaN            NaN            NaN            NaN 
     250  0.2500000E+01  0.3125000E+00  0.0000000E+00       80      132       53  0.2071068E+00  0.2071068E+00                  NaN            NaN            NaN            NaN            NaN            NaN            NaN 
     260  0.2600000E+01  0.3125000E+00  0.0000000E+00       80      132       53  0.2071068E+00  0.2071068E+00                  NaN            NaN            NaN            NaN            NaN            NaN            NaN 
     270  0.2700000E+01  0.3125000E+00  0.0000000E+00       80      132       53  0.2071068E+00  0.2071068E+00                  NaN            NaN            NaN            NaN            NaN            NaN            NaN 
     280  0.2800000E+01  0.3750000E+00  0.0000000E+00       80      132       53  0.2071068E+00  0.2071068E+00                  NaN            NaN            NaN            NaN            NaN            NaN            NaN 
     290  0.2900000E+01  0.3750000E+00  0.0000000E+00       80      132       53  0.2071068E+00  0.2071068E+00                  NaN            NaN            NaN            NaN            NaN            NaN            NaN 
     300  0.3000000E+01  0.3750000E+00  0.0000000E+00       80      132       53  0.2071068E+00  0.2071068E+00                  NaN            NaN            NaN            NaN            NaN            NaN            NaN 
     310  0.3100000E+01  0.3750000E+00  0.0000000E+00       80      132       53  0.2071068E+00  0.2071068E+00                  NaN            NaN            NaN            NaN            NaN            NaN            NaN 
     320  0.3200000E+01  0.3750000E+00  0.0000000E+00       80      132       53  0.2071068E+00  0.2071068E+00                  NaN            NaN            NaN            NaN            NaN            NaN            NaN 
     330  0.3300000E+01  0.3750000E+00  0.0000000E+00       80      132       53  0.2071068E+00  0.2071068E+00                  NaN            NaN            NaN            NaN            NaN            NaN            NaN 
     340  0.3400000E+01  0.4375000E+00  0.0000000E+00       80      132       53  0.2071068E+00  0.2071068E+00                  NaN            NaN            NaN            NaN            NaN            NaN            NaN 
     350  0.3500000E+01  0.4375000E+00  0.0000000E+00       80      132       53  0.2071068E+00  0.2071068E+00                  NaN            NaN            NaN            NaN            NaN            NaN            NaN 
     360  0.3600000E+01  0.4375000E+00  0.0000000E+00       80      132       53  0.2071068E+00  0.2071068E+00                  NaN            NaN            NaN            NaN            NaN            NaN            NaN 
     370  0.3700000E+01  0.4375000E+00  0.0000000E+00       80      132       53  0.2071068E+00  0.2071068E+00                  NaN            NaN            NaN            NaN            NaN            NaN            NaN 
     380  0.3800000E+01  0.4375000E+00  0.0000000E+00       80      132       53  0.2071068E+00  0.2071068E+00                  NaN            NaN            NaN            NaN            NaN            NaN            NaN 
     390  0.3900000E+01  0.5000000E+00  0.0000000E+00       80      132       53  0.2071068E+00  0.2071068E+00                  NaN            NaN            NaN            NaN            NaN            NaN            NaN 
     400  0.4000000E+01  0.5000000E+00  0.0000000E+00       80      132       53  0.2071068E+00  0.2071068E+00                  NaN            NaN            NaN            NaN            NaN            NaN            NaN 
     410  0.4100000E+01  0.5000000E+00  0.0000000E+00       80      132       53  0.2071068E+00  0.2071068E+00                  NaN            NaN            NaN            NaN            NaN            NaN            NaN 
     420  0.4200000E+01  0.5000000E+00  0.0000000E+00       80      132       53  0.2071068E+00  0.2071068E+00                  NaN            NaN            NaN            NaN            NaN            NaN            NaN 
     430  0.4300000E+01  0.5000000E+00  0.0000000E+00       80      132       53  0.2071068E+00  0.2071068E+00                  NaN            NaN            NaN            NaN            NaN            NaN            NaN 
     440  0.4400000E+01  0.5625000E+00  0.0000000E+00       80      132       53  0.2071068E+00  0.2071068E+00                  NaN            NaN            NaN            NaN            NaN            NaN            NaN 
     450  0.4500000E+01  0.5625000E+00  0.0000000E+00       80      132       53  0.2071068E+00  0.2071068E+00                  NaN            NaN            NaN            NaN            NaN            NaN            NaN 
     460  0.4600000E+01  0.5625000E+00  0.0000000E+00       80      132       53  0.2071068E+00  0.2071068E+00                  NaN            NaN            NaN            NaN            NaN            NaN            NaN 
     470  0.4700000E+01  0.5625000E+00  0.0000000E+00       80      132       53  0.2071068E+00  0.2071068E+00                  NaN            NaN            NaN            NaN            NaN            NaN            NaN 
     480  0.4800000E+01  0.5625000E+00  0.0000000E+00       80      132       53  0.2071068E+00  0.2071068E+00                  NaN            NaN            NaN            NaN            NaN            NaN            NaN 
     490  0.4900000E+01  0.6250000E+00  0.0000000E+00       80      132       53  0.2071068E+00  0.2071068E+00                  NaN            NaN            NaN            NaN            NaN            NaN            NaN 
     500  0.5000000E+01  0.6250000E+00  0.0000000E+00       80      132       53  0.2071068E+00  0.2071068E+00                  NaN            NaN            NaN            NaN            NaN            NaN            NaN 
     510  0.5100000E+01  0.6250000E+00  0.0000000E+00       80      132       53  0.2071068E+00  0.2071068E+00                  NaN            NaN            NaN            NaN            NaN            NaN            NaN 
     520  0.5200000E+01  0.6250000E+00  0.0000000E+00       80      132       53  0.2071068E+00  0.2071068E+00                  NaN            NaN            NaN            NaN            NaN            NaN            NaN 
     530  0.5300000E+01  0.6250000E+00  0.0000000E+00       80      132       53  0.2071068E+00  0.2071068E+00                  NaN            NaN            NaN            NaN            NaN            NaN            NaN 
     540  0.5400000E+01  0.6875000E+00  0.0000000E+00       80      132       53  0.2071068E+00  0.2071068E+00                  NaN            NaN            NaN            NaN            NaN            NaN            NaN 
     550  0.5500000E+01  0.6875000E+00  0.0000000E+00       80      132       53  0.2071068E+00  0.2071068E+00                  NaN            NaN            NaN            NaN            NaN            NaN            NaN 
     560  0.5600000E+01  0.6875000E+00  0.0000000E+00       80      132       53  0.2071068E+00  0.2071068E+00                  NaN            NaN            NaN            NaN            NaN            NaN            NaN 
     570  0.5700000E+01  0.6875000E+00  0.0000000E+00       80      132       53  0.2071068E+00  0.2071068E+00                  NaN            NaN            NaN            NaN            NaN            NaN            NaN 
     580  0.5800000E+01  0.6875000E+00  0.0000000E+00       80      132       53  0.2071068E+00  0.2071068E+00                  NaN            NaN            NaN            NaN            NaN            NaN            NaN 
     590  0.5900000E+01  0.6875000E+00  0.0000000E+00       80      132       53  0.2071068E+00  0.2071068E+00                  NaN            NaN            NaN            NaN            NaN            NaN            NaN 
     600  0.6000000E+01  0.7500000E+00  0.0000000E+00       80      132       53  0.2071068E+00  0.2071068E+00                  NaN            NaN            NaN            NaN            NaN            NaN            NaN 
     610  0.6100000E+01  0.7500000E+00  0.0000000E+00       80      132       53  0.2071068E+00  0.2071068E+00                  NaN            NaN            NaN            NaN            NaN            NaN            NaN 
     620  0.6200000E+01  0.7500000E+00  0.0000000E+00       80      132       53  0.2071068E+00  0.2071068E+00                  NaN            NaN            NaN            NaN            NaN            NaN            NaN 
     630  0.6300000E+01  0.7500000E+00  0.0000000E+00       80      132       53  0.2071068E+00  0.2071068E+00                  NaN            NaN            NaN            NaN            NaN            NaN            NaN 
     640  0.6400000E+01  0.7500000E+00  0.0000000E+00       80      132       53  0.2071068E+00  0.2071068E+00                  NaN            NaN            NaN            NaN            NaN            NaN            NaN 
     650  0.6500000E+01  0.8125000E+00  0.0000000E+00       80      132       53  0.2071068E+00  0.2071068E+00                  NaN            NaN            NaN            NaN            NaN            NaN            NaN 
     660  0.6600000E+01  0.8125000E+00  0.0000000E+00       80      132       53  0.2071068E+00  0.2071068E+00                  NaN            NaN            NaN            NaN            NaN            NaN            NaN 
     670  0.6700000E+01  0.8125000E+00  0.0000000E+00       80      132       53  0.2071068E+00  0.2071068E+00                  NaN            NaN            NaN            NaN            NaN            NaN            NaN 
     680  0.6800000E+01  0.8125000E+00  0.0000000E+00       80      132       53  0.2071068E+00  0.2071068E+00                  NaN            NaN            NaN            NaN            NaN            NaN            NaN 
     690  0.6900000E+01  0.8125000E+00  0.0000000E+00       80      132       53  0.2071068E+00  0.2071068E+00                  NaN            NaN            NaN            NaN            NaN            NaN            NaN 
     700  0.7000000E+01  0.8125000E+00  0.0000000E+00       80      132       53  0.2071068E+00  0.2071068E+00                  NaN            NaN            NaN            NaN            NaN            NaN            NaN 
     710  0.7100000E+01  0.8750000E+00  0.0000000E+00       80      132       53  0.2071068E+00  0.2071068E+00                  NaN            NaN            NaN            NaN            NaN            NaN            NaN 
     720  0.7200000E+01  0.8750000E+00  0.0000000E+00       80      132       53  0.2071068E+00  0.2071068E+00                  NaN            NaN            NaN            NaN            NaN            NaN            NaN 
*********************************************************************************************************************************************************************************************
